# 逆切り  files=0  scope=門前のみ
# 観測 19,130,857  逆切り 7,140,967  handsize不整合 0  errors 0

## 1/9 の手出し   逆切り n=3,344,199  対照 n=6,980,901（内訳 他色だけ 1,527,492 / 同色あり 1,816,707）
  y |     1枚以上       対照     lift |       対子       対照     lift |     [1枚:他色]    [1枚:同色]
  1 |    0.181    0.136   +0.044 |    0.009    0.005   +0.004 |       0.186      0.171
  2 |    0.371    0.393   -0.022 |    0.100    0.103   -0.003 |       0.450      0.301
  3 |    0.472    0.466   +0.006 |    0.113    0.103   +0.010 |       0.595      0.368
  4 |    0.441    0.502   -0.061 |    0.084    0.090   -0.006 |       0.534      0.358
  5 |    0.444    0.459   -0.015 |    0.093    0.090   +0.003 |       0.492      0.413
  6 |    0.411    0.499   -0.088 |    0.084    0.097   -0.014 |       0.517      0.323
  7 |    0.408    0.427   -0.019 |    0.080    0.079   +0.001 |       0.515      0.318
  8 |    0.320    0.354   -0.034 |    0.071    0.073   -0.002 |       0.409      0.244
  9 |    0.201    0.166   +0.035 |    0.059    0.036   +0.023 |       0.234      0.170

## 2/8 の手出し   逆切り n=2,003,721  対照 n=4,130,306（内訳 他色だけ 1,067,178 / 同色あり 936,543）
  y |     1枚以上       対照     lift |       対子       対照     lift |     [1枚:他色]    [1枚:同色]
  1 |    0.273    0.179   +0.095 |    0.096    0.049   +0.047 |       0.267      0.282
  2 |    0.206    0.146   +0.060 |    0.010    0.004   +0.006 |       0.211      0.199
  3 |    0.322    0.235   +0.087 |    0.081    0.053   +0.028 |       0.344      0.299
  4 |    0.440    0.461   -0.021 |    0.114    0.114   +0.000 |       0.548      0.319
  5 |    0.428    0.560   -0.132 |    0.086    0.114   -0.028 |       0.540      0.297
  6 |    0.389    0.499   -0.110 |    0.085    0.111   -0.025 |       0.502      0.258
  7 |    0.407    0.424   -0.017 |    0.084    0.090   -0.006 |       0.485      0.317
  8 |    0.326    0.335   -0.009 |    0.072    0.072   +0.000 |       0.374      0.269
  9 |    0.213    0.172   +0.042 |    0.064    0.043   +0.021 |       0.229      0.194


# 切られている内側牌のうち最も中心寄りのクラス別  [1 枚以上]
# 逆切り群（最内クラス >= 2）の巡目分布で標準化した所持率

## 1/9 の手出し
   最内           n       y1      y2      y3      y4      y5      y6      y7      y8      y9
   なし   4,434,580    0.110   0.348   0.427   0.474   0.448   0.426   0.442   0.423   0.289
    1   2,546,321    0.137   0.397   0.470   0.503   0.460   0.507   0.420   0.347   0.157
    2   1,204,217    0.157   0.365   0.464   0.469   0.527   0.458   0.407   0.306   0.171
    3     681,619    0.177   0.364   0.495   0.461   0.457   0.441   0.414   0.312   0.182
    4     860,550    0.202   0.361   0.499   0.419   0.383   0.379   0.400   0.314   0.221
    5     597,813    0.202   0.395   0.445   0.378   0.343   0.328   0.405   0.357   0.249

## 2/8 の手出し
   最内           n       y1      y2      y3      y4      y5      y6      y7      y8      y9
   なし   1,164,062    0.197   0.094   0.113   0.234   0.460   0.389   0.537   0.479   0.305
    1   1,829,114    0.139   0.115   0.157   0.381   0.535   0.515   0.442   0.373   0.169
    2   1,137,130    0.214   0.150   0.232   0.461   0.561   0.464   0.402   0.314   0.182
    3     594,178    0.248   0.188   0.293   0.523   0.506   0.420   0.399   0.309   0.187
    4     841,181    0.282   0.190   0.286   0.391   0.385   0.372   0.407   0.321   0.230
    5     568,362    0.342   0.218   0.308   0.340   0.337   0.314   0.397   0.361   0.260


# 切られている内側牌のうち最も中心寄りのクラス別  [対子（2 枚以上）]
# 逆切り群（最内クラス >= 2）の巡目分布で標準化した所持率

## 1/9 の手出し
   最内           n       y1      y2      y3      y4      y5      y6      y7      y8      y9
   なし   4,434,580    0.000   0.090   0.113   0.059   0.066   0.072   0.063   0.113   0.045
    1   2,546,321    0.005   0.105   0.105   0.091   0.091   0.100   0.078   0.073   0.035
    2   1,204,217    0.005   0.097   0.113   0.090   0.113   0.095   0.081   0.067   0.045
    3     681,619    0.008   0.095   0.114   0.091   0.097   0.092   0.077   0.067   0.052
    4     860,550    0.012   0.099   0.121   0.077   0.084   0.075   0.079   0.071   0.072
    5     597,813    0.012   0.115   0.107   0.069   0.067   0.068   0.078   0.077   0.074

## 2/8 の手出し
   最内           n       y1      y2      y3      y4      y5      y6      y7      y8      y9
   なし   1,164,062    0.079   0.001   0.016   0.045   0.082   0.072   0.095   0.082   0.058
    1   1,829,114    0.035   0.002   0.029   0.084   0.106   0.113   0.089   0.085   0.041
    2   1,137,130    0.061   0.004   0.050   0.111   0.113   0.100   0.085   0.067   0.050
    3     594,178    0.078   0.007   0.064   0.134   0.102   0.093   0.078   0.066   0.054
    4     841,181    0.104   0.009   0.070   0.099   0.078   0.078   0.084   0.072   0.072
    5     568,362    0.114   0.010   0.083   0.086   0.062   0.068   0.078   0.076   0.074


# 窓内の合計枚数（手出しした牌の周辺。牌自身は含めない）
# 主指標は「窓 ±2 に 1 枚以上」
# 窓の位置数: 1/9 は ±1 で 1 箇所・±2 で 2 箇所、2/8 は ±1 で 2 箇所・±2 で 3 箇所

## 1/9 の手出し
    窓       枚数       逆切り        対照      lift      オッズ比
   ±1     1枚以上     0.371     0.393    -0.022      0.91
   ±1     2枚以上     0.100     0.103    -0.003      0.97
   ±1     3枚以上     0.013     0.011    +0.001      1.12
   ±2     1枚以上     0.668     0.733    -0.065      0.73
   ±2     2枚以上     0.344     0.301    +0.043      1.22
   ±2     3枚以上     0.058     0.046    +0.012      1.26

## 2/8 の手出し
    窓       枚数       逆切り        対照      lift      オッズ比
   ±1     1枚以上     0.515     0.356    +0.158      1.92
   ±1     2枚以上     0.228     0.146    +0.083      1.73
   ±1     3枚以上     0.051     0.030    +0.022      1.77
   ±2     1枚以上     0.755     0.665    +0.090      1.55
   ±2     2枚以上     0.443     0.345    +0.098      1.51
   ±2     3枚以上     0.126     0.090    +0.036      1.45


# 最内クラス別（窓 ±2、巡目標準化）

## 1/9 の手出し
   最内            n      1枚以上      2枚以上      3枚以上
   なし    4,434,580     0.679     0.282     0.032
    1    2,546,321     0.741     0.305     0.047
    2    1,204,217     0.678     0.323     0.054
    3      681,619     0.673     0.349     0.059
    4      860,550     0.670     0.360     0.063
    5      597,813     0.645     0.371     0.060

## 2/8 の手出し
   最内            n      1枚以上      2枚以上      3枚以上
   なし    1,164,062     0.421     0.225     0.044
    1    1,829,114     0.540     0.244     0.055
    2    1,137,130     0.691     0.357     0.093
    3      594,178     0.787     0.435     0.119
    4      841,181     0.706     0.412     0.114
    5      568,362     0.741     0.417     0.115


# 巡目別（主指標 = 窓 ±2 に 1 枚以上）
# 巡目 = そのプレイヤーの打牌回数。n が 2,000 に満たない巡目は伏せる

## 1/9 の手出し
  巡目      逆切り          n       対照          n     lift     オッズ比
   2    0.525     56,156    0.259  1,818,371   +0.266     3.16
   3    0.604    159,506    0.415  1,185,673   +0.189     2.15
   4    0.648    285,932    0.559    738,607   +0.088     1.45
   5    0.668    393,431    0.663    440,895   +0.005     1.02
   6    0.675    445,947    0.731    239,983   -0.056     0.76
   7    0.678    437,948    0.775    117,864   -0.098     0.61
   8    0.680    387,646    0.797     52,620   -0.117     0.54
   9    0.681    317,211    0.815     22,243   -0.133     0.49
  10    0.682    247,026    0.831      9,370   -0.149     0.44
  11    0.682    183,811    0.824      3,909   -0.142     0.46

## 2/8 の手出し
  巡目      逆切り          n       対照          n     lift     オッズ比
   2    0.518     20,998    0.285    563,166   +0.233     2.69
   3    0.617     57,027    0.353    742,619   +0.264     2.96
   4    0.679    110,202    0.414    769,621   +0.265     2.99
   5    0.715    172,800    0.478    651,569   +0.238     2.75
   6    0.740    224,894    0.547    467,747   +0.193     2.35
   7    0.759    251,143    0.616    294,133   +0.144     1.97
   8    0.774    247,712    0.682    167,387   +0.092     1.59
   9    0.787    219,959    0.738     90,500   +0.048     1.31
  10    0.790    182,290    0.783     46,563   +0.006     1.04
  11    0.792    142,667    0.813     23,671   -0.021     0.87
  12    0.785    109,680    0.822     11,760   -0.037     0.79
  13    0.778     81,326    0.833      5,739   -0.054     0.71
  14    0.771     60,231    0.819      2,800   -0.047     0.75


# 巡目別 × 最内クラス（窓 ±2 に 1 枚以上）

## 1/9 の手出し
  巡目      最内なし       最内1       最内2       最内3       最内4       最内5
   1     0.130         -         -         -         -         -
   2     0.249     0.278     0.536     0.577     0.430     0.451
   3     0.390     0.436     0.609     0.643     0.558     0.558
   4     0.518     0.578     0.646     0.684     0.637     0.603
   5     0.591     0.681     0.665     0.688     0.671     0.631
   6     0.641     0.743     0.673     0.681     0.684     0.649
   7     0.681     0.781     0.679     0.675     0.691     0.655
   8         -     0.800     0.688     0.670     0.692     0.663
   9         -     0.815     0.694     0.668     0.690     0.669
  10         -     0.831     0.700     0.671     0.687     0.671
  11         -     0.824     0.709     0.671     0.685     0.674
  12         -         -     0.708     0.674     0.685     0.671
  13         -         -     0.705     0.674     0.677     0.667
  14         -         -     0.697     0.681     0.671     0.658
  15         -         -         -     0.682     0.667     0.659
  16         -         -         -     0.668     0.663     0.654
  17         -         -         -         -     0.673     0.659
  18         -         -         -         -     0.688     0.687
  19         -         -         -         -         -     0.677

## 2/8 の手出し
  巡目      最内なし       最内1       最内2       最内3       最内4       最内5
   1     0.206         -         -         -         -         -
   2     0.288     0.261     0.380     0.612     0.466     0.482
   3     0.324     0.339     0.472     0.689     0.565     0.594
   4     0.346     0.391     0.541     0.736     0.632     0.662
   5     0.366     0.436     0.595     0.762     0.671     0.713
   6     0.391     0.483     0.648     0.779     0.701     0.744
   7     0.403     0.532     0.696     0.798     0.720     0.770
   8         -     0.582     0.741     0.813     0.737     0.785
   9         -     0.632     0.779     0.826     0.754     0.795
  10         -     0.683     0.808     0.829     0.763     0.794
  11         -     0.714     0.829     0.833     0.769     0.793
  12         -         -     0.833     0.830     0.766     0.783
  13         -         -     0.846     0.825     0.759     0.779
  14         -         -     0.829     0.824     0.759     0.764
  15         -         -         -     0.815     0.748     0.751
  16         -         -         -     0.821     0.749     0.754
  17         -         -         -     0.818     0.758     0.745
  18         -         -         -         -     0.785     0.765
  19         -         -         -         -         -     0.773

========================================================================
# 逆切り  files=0  scope=副露込み
# 観測 19,130,857  逆切り 7,140,967  handsize不整合 0  errors 0

## 1/9 の手出し   逆切り n=4,308,719  対照 n=7,339,691（内訳 他色だけ 1,892,896 / 同色あり 2,415,823）
  y |     1枚以上       対照     lift |       対子       対照     lift |     [1枚:他色]    [1枚:同色]
  1 |    0.166    0.132   +0.034 |    0.009    0.005   +0.004 |       0.171      0.158
  2 |    0.349    0.388   -0.040 |    0.098    0.103   -0.005 |       0.432      0.279
  3 |    0.444    0.462   -0.017 |    0.108    0.103   +0.005 |       0.572      0.341
  4 |    0.413    0.486   -0.072 |    0.077    0.086   -0.010 |       0.518      0.327
  5 |    0.420    0.456   -0.036 |    0.088    0.089   -0.001 |       0.483      0.377
  6 |    0.386    0.491   -0.105 |    0.078    0.095   -0.017 |       0.501      0.296
  7 |    0.377    0.414   -0.036 |    0.073    0.077   -0.004 |       0.491      0.287
  8 |    0.295    0.343   -0.048 |    0.067    0.072   -0.005 |       0.390      0.220
  9 |    0.184    0.153   +0.031 |    0.054    0.033   +0.021 |       0.221      0.153

## 2/8 の手出し   逆切り n=2,832,248  対照 n=4,650,199（内訳 他色だけ 1,472,827 / 同色あり 1,359,421）
  y |     1枚以上       対照     lift |       対子       対照     lift |     [1枚:他色]    [1枚:同色]
  1 |    0.249    0.162   +0.088 |    0.088    0.044   +0.044 |       0.245      0.254
  2 |    0.188    0.134   +0.054 |    0.010    0.004   +0.006 |       0.193      0.181
  3 |    0.301    0.228   +0.073 |    0.078    0.054   +0.024 |       0.326      0.274
  4 |    0.414    0.447   -0.033 |    0.108    0.112   -0.005 |       0.528      0.291
  5 |    0.399    0.543   -0.144 |    0.078    0.109   -0.031 |       0.518      0.267
  6 |    0.359    0.482   -0.123 |    0.077    0.105   -0.028 |       0.479      0.228
  7 |    0.365    0.400   -0.034 |    0.075    0.085   -0.010 |       0.448      0.274
  8 |    0.290    0.313   -0.024 |    0.066    0.069   -0.003 |       0.342      0.231
  9 |    0.186    0.153   +0.033 |    0.055    0.038   +0.017 |       0.204      0.164


# 切られている内側牌のうち最も中心寄りのクラス別  [1 枚以上]
# 逆切り群（最内クラス >= 2）の巡目分布で標準化した所持率

## 1/9 の手出し
   最内           n       y1      y2      y3      y4      y5      y6      y7      y8      y9
   なし   4,560,933    0.109   0.350   0.426   0.467   0.445   0.428   0.437   0.418   0.285
    1   2,778,758    0.132   0.392   0.465   0.486   0.456   0.498   0.406   0.336   0.144
    2   1,406,078    0.148   0.351   0.449   0.452   0.517   0.446   0.387   0.289   0.156
    3     856,560    0.162   0.342   0.465   0.435   0.440   0.420   0.384   0.287   0.164
    4   1,177,644    0.179   0.331   0.456   0.388   0.359   0.350   0.363   0.283   0.198
    5     868,437    0.177   0.355   0.402   0.344   0.314   0.298   0.360   0.315   0.223

## 2/8 の手出し
   最内           n       y1      y2      y3      y4      y5      y6      y7      y8      y9
   なし   1,236,063    0.197   0.091   0.111   0.233   0.454   0.383   0.533   0.474   0.300
    1   2,057,360    0.127   0.107   0.154   0.368   0.521   0.502   0.425   0.355   0.151
    2   1,356,776    0.197   0.138   0.228   0.450   0.543   0.450   0.378   0.294   0.162
    3     775,603    0.227   0.172   0.280   0.501   0.482   0.400   0.366   0.281   0.163
    4   1,209,369    0.254   0.174   0.266   0.369   0.359   0.342   0.363   0.282   0.197
    5     847,276    0.311   0.197   0.283   0.318   0.313   0.288   0.351   0.315   0.225


# 切られている内側牌のうち最も中心寄りのクラス別  [対子（2 枚以上）]
# 逆切り群（最内クラス >= 2）の巡目分布で標準化した所持率

## 1/9 の手出し
   最内           n       y1      y2      y3      y4      y5      y6      y7      y8      y9
   なし   4,560,933    0.000   0.090   0.115   0.057   0.064   0.074   0.061   0.114   0.043
    1   2,778,758    0.005   0.105   0.105   0.087   0.090   0.097   0.077   0.071   0.032
    2   1,406,078    0.004   0.097   0.110   0.084   0.111   0.091   0.077   0.065   0.040
    3     856,560    0.007   0.094   0.109   0.083   0.093   0.087   0.071   0.064   0.047
    4   1,177,644    0.011   0.096   0.112   0.070   0.079   0.069   0.071   0.065   0.063
    5     868,437    0.011   0.108   0.099   0.062   0.062   0.062   0.069   0.069   0.066

## 2/8 の手出し
   最内           n       y1      y2      y3      y4      y5      y6      y7      y8      y9
   なし   1,236,063    0.082   0.001   0.016   0.046   0.082   0.071   0.094   0.081   0.056
    1   2,057,360    0.031   0.002   0.031   0.083   0.102   0.108   0.086   0.082   0.037
    2   1,356,776    0.055   0.004   0.052   0.111   0.108   0.095   0.080   0.064   0.044
    3     775,603    0.071   0.007   0.065   0.130   0.096   0.087   0.072   0.062   0.047
    4   1,209,369    0.093   0.009   0.067   0.095   0.071   0.070   0.074   0.064   0.060
    5     847,276    0.105   0.010   0.079   0.081   0.057   0.062   0.069   0.068   0.063


# 窓内の合計枚数（手出しした牌の周辺。牌自身は含めない）
# 主指標は「窓 ±2 に 1 枚以上」
# 窓の位置数: 1/9 は ±1 で 1 箇所・±2 で 2 箇所、2/8 は ±1 で 2 箇所・±2 で 3 箇所

## 1/9 の手出し
    窓       枚数       逆切り        対照      lift      オッズ比
   ±1     1枚以上     0.349     0.388    -0.040      0.84
   ±1     2枚以上     0.098     0.103    -0.005      0.95
   ±1     3枚以上     0.012     0.011    +0.001      1.08
   ±2     1枚以上     0.629     0.725    -0.095      0.65
   ±2     2枚以上     0.329     0.299    +0.030      1.15
   ±2     3枚以上     0.054     0.047    +0.007      1.16

## 2/8 の手出し
    窓       枚数       逆切り        対照      lift      オッズ比
   ±1     1枚以上     0.482     0.341    +0.141      1.80
   ±1     2枚以上     0.210     0.136    +0.074      1.68
   ±1     3枚以上     0.044     0.026    +0.017      1.68
   ±2     1枚以上     0.712     0.644    +0.068      1.36
   ±2     2枚以上     0.416     0.333    +0.083      1.42
   ±2     3枚以上     0.109     0.082    +0.028      1.38


# 最内クラス別（窓 ±2、巡目標準化）

## 1/9 の手出し
   最内            n      1枚以上      2枚以上      3枚以上
   なし    4,560,933     0.681     0.284     0.032
    1    2,778,758     0.731     0.303     0.047
    2    1,406,078     0.656     0.314     0.051
    3      856,560     0.635     0.333     0.055
    4    1,177,644     0.616     0.335     0.056
    5      868,437     0.584     0.341     0.052

## 2/8 の手出し
   最内            n      1枚以上      2枚以上      3枚以上
   なし    1,236,063     0.420     0.226     0.043
    1    2,057,360     0.521     0.236     0.051
    2    1,356,776     0.673     0.347     0.085
    3      775,603     0.756     0.415     0.106
    4    1,209,369     0.662     0.384     0.098
    5      847,276     0.691     0.388     0.100


# 巡目別（主指標 = 窓 ±2 に 1 枚以上）
# 巡目 = そのプレイヤーの打牌回数。n が 2,000 に満たない巡目は伏せる

## 1/9 の手出し
  巡目      逆切り          n       対照          n     lift     オッズ比
   2    0.489     66,052    0.257  1,895,307   +0.232     2.77
   3    0.563    191,818    0.411  1,258,634   +0.152     1.85
   4    0.606    348,163    0.554    798,086   +0.052     1.24
   5    0.625    485,116    0.655    484,755   -0.030     0.88
   6    0.633    557,750    0.721    268,587   -0.088     0.67
   7    0.636    555,281    0.762    134,534   -0.126     0.55
   8    0.640    498,421    0.781     61,499   -0.142     0.50
   9    0.641    413,211    0.795     26,401   -0.154     0.46
  10    0.644    325,336    0.806     11,145   -0.162     0.44
  11    0.646    245,197    0.803      4,576   -0.158     0.45

## 2/8 の手出し
  巡目      逆切り          n       対照          n     lift     オッズ比
   2    0.484     27,721    0.280    617,001   +0.204     2.41
   3    0.565     79,337    0.346    823,642   +0.218     2.45
   4    0.626    153,548    0.408    861,421   +0.218     2.43
   5    0.665    238,544    0.471    735,887   +0.194     2.23
   6    0.691    308,536    0.537    533,893   +0.154     1.93
   7    0.713    343,408    0.602    341,688   +0.111     1.64
   8    0.728    339,101    0.661    199,245   +0.068     1.38
   9    0.742    303,454    0.709    110,836   +0.033     1.18
  10    0.749    253,677    0.748     58,778   +0.001     1.01
  11    0.752    201,469    0.769     31,006   -0.017     0.91
  12    0.751    156,999    0.778     15,776   -0.027     0.86
  13    0.744    120,288    0.786      8,116   -0.041     0.79
  14    0.738     92,091    0.780      4,157   -0.042     0.80
  15    0.726     71,454    0.791      2,076   -0.066     0.70


# 巡目別 × 最内クラス（窓 ±2 に 1 枚以上）

## 1/9 の手出し
  巡目      最内なし       最内1       最内2       最内3       最内4       最内5
   1     0.129         -         -         -         -         -
   2     0.248     0.274     0.509     0.520     0.386     0.397
   3     0.387     0.431     0.582     0.579     0.493     0.488
   4     0.515     0.572     0.623     0.625     0.563     0.524
   5     0.587     0.672     0.645     0.639     0.597     0.549
   6     0.637     0.731     0.655     0.640     0.617     0.570
   7     0.679     0.767     0.662     0.639     0.630     0.584
   8         -     0.784     0.670     0.638     0.639     0.599
   9         -     0.796     0.674     0.638     0.642     0.612
  10         -     0.806     0.678     0.642     0.646     0.622
  11         -     0.803     0.681     0.644     0.648     0.631
  12         -         -     0.679     0.645     0.651     0.633
  13         -         -     0.675     0.641     0.642     0.631
  14         -         -     0.666     0.645     0.639     0.629
  15         -         -         -     0.646     0.633     0.631
  16         -         -         -     0.639     0.634     0.631
  17         -         -         -     0.647     0.644     0.643
  18         -         -         -         -     0.662     0.668
  19         -         -         -         -     0.651     0.667

## 2/8 の手出し
  巡目      最内なし       最内1       最内2       最内3       最内4       最内5
   1     0.203         -         -         -         -         -
   2     0.284     0.254     0.369     0.567     0.438     0.451
   3     0.319     0.331     0.457     0.642     0.511     0.545
   4     0.341     0.383     0.528     0.699     0.572     0.605
   5     0.361     0.428     0.583     0.730     0.614     0.654
   6     0.387     0.472     0.634     0.750     0.646     0.683
   7     0.401     0.516     0.680     0.769     0.671     0.711
   8         -     0.559     0.719     0.782     0.691     0.728
   9         -     0.599     0.750     0.794     0.709     0.741
  10         -     0.636     0.776     0.796     0.724     0.746
  11         -     0.651     0.789     0.797     0.732     0.750
  12         -         -     0.794     0.797     0.735     0.744
  13         -         -     0.799     0.789     0.729     0.742
  14         -         -     0.790     0.791     0.728     0.731
  15         -         -         -     0.781     0.717     0.719
  16         -         -         -     0.784     0.717     0.718
  17         -         -         -     0.773     0.723     0.716
  18         -         -         -     0.788     0.746     0.728
  19         -         -         -         -     0.728     0.720
