# 間隔切り  files=0  scope=門前のみ
# 観測 19,726,727  間隔あり 1,582,911  handsize不整合 0  errors 0

## 12 → 注目 y=4   間隔あり n=633,586  対照 n=5,500,441（うち間隔なし 358,031）
  y      間隔あり       対照     lift      [先行なし]      [間隔なし]
  1     0.044    0.267   -0.223       0.282       0.060
  2     0.139    0.192   -0.053       0.198       0.114
  3     0.196    0.323   -0.128       0.331       0.220
  4     0.625    0.397   +0.227       0.394       0.448  ← 注目
  5     0.482    0.491   -0.009       0.487       0.552
  6     0.433    0.436   -0.003       0.433       0.477
  7     0.420    0.416   +0.004       0.415       0.437
  8     0.334    0.333   +0.000       0.333       0.341
  9     0.175    0.201   -0.026       0.203       0.182

## 24 → 注目 y=5   間隔あり n=238,746  対照 n=2,844,880（うち間隔なし 130,553）
  y      間隔あり       対照     lift      [先行なし]      [間隔なし]
  1     0.083    0.113   -0.030       0.115       0.078
  2     0.072    0.300   -0.228       0.312       0.072
  3     0.144    0.336   -0.192       0.346       0.153
  4     0.270    0.306   -0.036       0.309       0.240
  5     0.473    0.297   +0.176       0.296       0.318  ← 注目
  6     0.412    0.398   +0.014       0.396       0.441
  7     0.427    0.440   -0.013       0.438       0.467
  8     0.344    0.339   +0.005       0.338       0.359
  9     0.201    0.197   +0.004       0.197       0.206

## 35 → 注目 y=6   間隔あり n=138,030  対照 n=2,715,058（うち間隔なし 68,762）
  y      間隔あり       対照     lift      [先行なし]      [間隔なし]
  1     0.162    0.217   -0.055       0.218       0.170
  2     0.178    0.311   -0.132       0.314       0.200
  3     0.186    0.403   -0.217       0.410       0.194
  4     0.175    0.343   -0.169       0.348       0.197
  5     0.317    0.333   -0.016       0.334       0.295
  6     0.457    0.310   +0.147       0.308       0.364  ← 注目
  7     0.398    0.375   +0.023       0.373       0.433
  8     0.284    0.299   -0.015       0.299       0.313
  9     0.210    0.212   -0.002       0.212       0.210

## 46 → 注目 y=7   間隔あり n=114,200  対照 n=2,969,426（うち間隔なし 69,859）
  y      間隔あり       対照     lift      [先行なし]      [間隔なし]
  1     0.135    0.200   -0.065       0.202       0.117
  2     0.192    0.349   -0.157       0.353       0.211
  3     0.208    0.452   -0.245       0.458       0.230
  4     0.184    0.428   -0.245       0.435       0.190
  5     0.186    0.350   -0.164       0.354       0.214
  6     0.278    0.304   -0.026       0.305       0.268
  7     0.479    0.300   +0.179       0.298       0.361  ← 注目
  8     0.304    0.260   +0.044       0.258       0.319
  9     0.164    0.104   +0.060       0.103       0.137


# 間に字牌を挟んだか（間隔の分布を間隔あり全体に揃えた比較）

    ペア   注目       字牌なし       字牌あり         差        n(なし)      n(あり)          [内訳] ツモ切り       手出し
12        4      0.558      0.644    +0.085      234,201    399,385              0.644     0.648
24        5      0.461      0.475    +0.014      118,438    120,308              0.480     0.476
35        6      0.434      0.477    +0.043       75,345     62,685              0.480     0.480
46        7      0.446      0.516    +0.070       64,885     49,315              0.530     0.503


# 間隔の長さ別（注目牌の所持率）  全体 / 字牌なし / 字牌あり

## 12 → 4
 gap       全体         n        字牌なし         n        字牌あり         n
   2    0.561   163,549       0.556   112,979       0.571    50,570   
   3    0.631   112,219       0.606    52,667       0.653    59,552   
   4    0.654    89,599       0.595    29,892       0.683    59,707   
   5    0.663    71,114       0.574    17,114       0.691    54,000   
   6    0.664    55,121       0.550     9,613       0.688    45,508   
   7    0.660    41,670       0.533     5,290       0.679    36,380   
   8    0.654    31,006       0.509     3,077       0.670    27,929   
   9    0.646    22,149       0.496     1,623       0.657    20,526   
  10    0.637    15,745       0.484       914       0.646    14,831   
 11+    0.601    31,414       0.438     1,032       0.606    30,382   

## 24 → 5
 gap       全体         n        字牌なし         n        字牌あり         n
   2    0.387    70,220       0.389    54,784       0.383    15,436   
   3    0.461    45,598       0.463    27,323       0.459    18,275   
   4    0.498    33,811       0.496    15,707       0.500    18,104   
   5    0.519    25,137       0.504     8,913       0.528    16,224   
   6    0.538    18,639       0.509     5,127       0.549    13,512   
   7    0.542    13,892       0.512     2,869       0.550    11,023   
   8    0.546     9,949       0.492     1,627       0.556     8,322   
   9    0.552     7,195       0.495       973       0.560     6,222   
  10    0.551     5,112       0.513       519       0.555     4,593   
 11+    0.549     9,193       0.483       596       0.554     8,597   

## 35 → 6
 gap       全体         n        字牌なし         n        字牌あり         n
   2    0.404    42,836       0.398    34,517       0.429     8,319   
   3    0.460    28,539       0.449    18,150       0.478    10,389   
   4    0.474    20,054       0.456    10,019       0.492    10,035   
   5    0.494    14,512       0.462     5,733       0.515     8,779   
   6    0.499    10,132       0.458     3,076       0.517     7,056   
   7    0.507     7,266       0.476     1,779       0.517     5,487   
   8    0.493     4,889       0.429       929       0.508     3,960   
   9    0.500     3,612       0.406       530       0.516     3,082   
  10    0.488     2,431       0.428       318       0.497     2,113   
 11+    0.484     3,759       0.395       294       0.492     3,465   

## 46 → 7
 gap       全体         n        字牌なし         n        字牌あり         n
   2    0.440    37,160       0.428    30,740       0.495     6,420   
   3    0.487    23,207       0.467    15,202       0.526     8,005   
   4    0.507    16,100       0.478     8,357       0.537     7,743   
   5    0.520    11,371       0.482     4,607       0.546     6,764   
   6    0.514     8,185       0.471     2,652       0.535     5,533   
   7    0.488     5,776       0.428     1,502       0.509     4,274   
   8    0.486     4,158       0.391       849       0.510     3,309   
   9    0.486     2,980       0.395       456       0.502     2,524   
  10    0.480     1,999       0.383       274       0.495     1,725   
 11+    0.466     3,264       0.337       246       0.477     3,018   

[csv] figures/kankaku_giri_2025_noreach.csv

========================================================================
# 間隔切り  files=0  scope=副露込み
# 観測 19,726,727  間隔あり 1,582,911  handsize不整合 0  errors 0

## 12 → 注目 y=4   間隔あり n=848,936  対照 n=6,633,511（うち間隔なし 410,750）
  y      間隔あり       対照     lift      [先行なし]      [間隔なし]
  1     0.039    0.247   -0.208       0.260       0.056
  2     0.135    0.182   -0.047       0.187       0.117
  3     0.196    0.319   -0.124       0.325       0.232
  4     0.597    0.386   +0.211       0.382       0.447  ← 注目
  5     0.455    0.465   -0.010       0.461       0.535
  6     0.408    0.409   -0.001       0.406       0.456
  7     0.383    0.382   +0.001       0.380       0.409
  8     0.300    0.303   -0.003       0.302       0.318
  9     0.150    0.179   -0.029       0.180       0.163

## 24 → 注目 y=5   間隔あり n=348,143  対照 n=3,833,211（うち間隔なし 176,054）
  y      間隔あり       対照     lift      [先行なし]      [間隔なし]
  1     0.069    0.096   -0.027       0.097       0.067
  2     0.064    0.281   -0.216       0.291       0.066
  3     0.132    0.314   -0.182       0.323       0.142
  4     0.257    0.289   -0.032       0.291       0.234
  5     0.452    0.284   +0.168       0.282       0.309  ← 注目
  6     0.390    0.373   +0.017       0.370       0.424
  7     0.379    0.391   -0.012       0.390       0.417
  8     0.301    0.299   +0.002       0.298       0.319
  9     0.166    0.165   +0.001       0.165       0.173

## 35 → 注目 y=6   間隔あり n=208,462  対照 n=3,673,110（うち間隔なし 97,872）
  y      間隔あり       対照     lift      [先行なし]      [間隔なし]
  1     0.128    0.183   -0.055       0.185       0.138
  2     0.147    0.269   -0.122       0.272       0.169
  3     0.158    0.365   -0.207       0.371       0.168
  4     0.161    0.327   -0.166       0.332       0.184
  5     0.309    0.323   -0.013       0.324       0.287
  6     0.434    0.292   +0.142       0.291       0.343  ← 注目
  7     0.361    0.337   +0.024       0.335       0.397
  8     0.242    0.258   -0.016       0.258       0.269
  9     0.174    0.179   -0.005       0.179       0.177

## 46 → 注目 y=7   間隔あり n=177,370  対照 n=4,003,984（うち間隔なし 106,985）
  y      間隔あり       対照     lift      [先行なし]      [間隔なし]
  1     0.107    0.168   -0.060       0.170       0.093
  2     0.160    0.309   -0.149       0.313       0.177
  3     0.178    0.405   -0.227       0.411       0.198
  4     0.165    0.402   -0.237       0.408       0.173
  5     0.167    0.334   -0.167       0.338       0.193
  6     0.262    0.287   -0.024       0.288       0.248
  7     0.443    0.276   +0.167       0.274       0.320  ← 注目
  8     0.278    0.241   +0.037       0.239       0.298
  9     0.133    0.088   +0.046       0.087       0.111


# 間に字牌を挟んだか（間隔の分布を間隔あり全体に揃えた比較）

    ペア   注目       字牌なし       字牌あり         差        n(なし)      n(あり)          [内訳] ツモ切り       手出し
12        4      0.526      0.621    +0.095      316,647    532,289              0.623     0.624
24        5      0.438      0.460    +0.022      171,715    176,428              0.465     0.462
35        6      0.414      0.456    +0.041      112,481     95,981              0.459     0.460
46        7      0.414      0.481    +0.067       99,864     77,506              0.482     0.486


# 間隔の長さ別（注目牌の所持率）  全体 / 字牌なし / 字牌あり

## 12 → 4
 gap       全体         n        字牌なし         n        字牌あり         n
   2    0.544   202,701       0.537   143,590       0.562    59,111   
   3    0.604   144,044       0.571    71,587       0.636    72,457   
   4    0.620   118,188       0.554    42,655       0.657    75,533   
   5    0.625    95,771       0.530    25,244       0.659    70,527   
   6    0.622    76,111       0.508    14,750       0.649    61,361   
   7    0.622    59,041       0.499     8,340       0.642    50,701   
   8    0.617    44,794       0.479     4,806       0.634    39,988   
   9    0.611    32,782       0.475     2,561       0.623    30,221   
  10    0.608    23,981       0.474     1,429       0.616    22,552   
 11+    0.581    51,523       0.443     1,685       0.586    49,838   

## 24 → 5
 gap       全体         n        字牌なし         n        字牌あり         n
   2    0.367    97,540       0.364    77,316       0.376    20,224   
   3    0.437    64,474       0.433    39,505       0.442    24,969   
   4    0.475    48,759       0.466    23,274       0.483    25,485   
   5    0.493    36,735       0.474    13,421       0.504    23,314   
   6    0.510    27,901       0.487     7,811       0.519    20,090   
   7    0.516    21,071       0.492     4,486       0.523    16,585   
   8    0.517    15,480       0.472     2,596       0.526    12,884   
   9    0.522    11,455       0.476     1,544       0.529     9,911   
  10    0.529     8,238       0.490       828       0.533     7,410   
 11+    0.524    16,490       0.491       934       0.526    15,556   

## 35 → 6
 gap       全体         n        字牌なし         n        字牌あり         n
   2    0.380    62,018       0.373    50,454       0.412    11,564   
   3    0.433    41,893       0.420    27,064       0.456    14,829   
   4    0.453    29,907       0.432    15,246       0.474    14,661   
   5    0.469    22,070       0.441     8,748       0.487    13,322   
   6    0.477    15,708       0.441     4,766       0.492    10,942   
   7    0.484    11,484       0.463     2,810       0.491     8,674   
   8    0.474     8,054       0.437     1,519       0.483     6,535   
   9    0.470     5,908       0.425       869       0.477     5,039   
  10    0.474     4,213       0.437       501       0.479     3,712   
 11+    0.452     7,207       0.401       504       0.455     6,703   

## 46 → 7
 gap       全体         n        字牌なし         n        字牌あり         n
   2    0.398    56,394       0.386    47,109       0.461     9,285   
   3    0.454    35,340       0.434    23,297       0.493    12,043   
   4    0.474    24,728       0.447    12,870       0.502    11,858   
   5    0.484    17,616       0.446     7,149       0.510    10,467   
   6    0.481    12,855       0.449     4,131       0.496     8,724   
   7    0.464     9,311       0.419     2,352       0.479     6,959   
   8    0.456     6,695       0.383     1,344       0.474     5,351   
   9    0.453     4,877       0.391       734       0.464     4,143   
  10    0.438     3,442       0.359       432       0.449     3,010   
 11+    0.419     6,112       0.332       446       0.426     5,666   
